<?xml version="1.0"?>
<opencv_storage>
<cam_rvecs type_id="opencv-matrix">
  <rows>3</rows>
  <cols>1</cols>
  <dt>d</dt>
  <data>
    3.5997546080498666e-001 6.8610191128183437e-002
    3.1089447906892418e+000</data></cam_rvecs>
<cam_tvecs type_id="opencv-matrix">
  <rows>3</rows>
  <cols>1</cols>
  <dt>d</dt>
  <data>
    -3.5251238331845641e+001 1.3990029080688129e+002
    6.8189842657549957e+002</data></cam_tvecs>
<proj_rvecs type_id="opencv-matrix">
  <rows>3</rows>
  <cols>1</cols>
  <dt>d</dt>
  <data>
    -8.1646026507945080e-001 4.9522561393341658e-001
    -2.8928354748975806e+000</data></proj_rvecs>
<proj_tvecs type_id="opencv-matrix">
  <rows>3</rows>
  <cols>1</cols>
  <dt>d</dt>
  <data>
    5.2247237305473760e+001 -1.2435122617299727e+002
    1.1510109590109023e+003</data></proj_tvecs>
</opencv_storage>
